function transpose(matrix) {
  let lengthA = matrix[0].length;
  let newMatrix = [];
  for (let loop = 0; loop < lengthA; loop++) {
    newMatrix.push([]);
  }

  for (let outer = 0; outer < matrix.length; outer++) {
    for (let inner = 0; inner < matrix[outer].length; inner++) {
      newMatrix[inner][outer] = matrix[outer][inner];
    }
  }
  return newMatrix;
}

const matrix = [
  [1, 5, 8, 5],
  [4, 7, 2, 0],
  [3, 9, 6, 1]
];

let newMatrix = transpose(matrix);

console.log(newMatrix);      // [[1, 4, 3], [5, 7, 9], [8, 2, 6], [5, 0, 1]]
console.log(matrix);         // [[1, 5, 8, 5], [4, 7, 2, 0], [3, 9, 6, 1]]

console.log(transpose([[1, 2, 3, 4]]));            // [[1], [2], [3], [4]]
console.log(transpose([[1], [2], [3], [4]]));      // [[1, 2, 3, 4]]
console.log(transpose([[1]]));                     // [[1]]

console.log(transpose([[1, 2, 3, 4, 5], [4, 3, 2, 1, 0], [3, 7, 8, 6, 2]]));
// [[1, 4, 3], [2, 3, 7], [3, 2, 8], [4, 1, 6], [5, 0, 2]]